-4.01188	-55
-4.01157	-54.95
-4.01126	-54.9
-4.01095	-54.85
-4.01064	-54.8
-4.01033	-54.75
-4.01001	-54.7
-4.0097	-54.65
-4.00938	-54.6
-4.00907	-54.55
-4.00875	-54.5
-4.00843	-54.45
-4.00811	-54.4
-4.00779	-54.35
-4.00747	-54.3
-4.00714	-54.25
-4.00682	-54.2
-4.00649	-54.15
-4.00617	-54.1
-4.00584	-54.05
-4.00551	-54
-4.00518	-53.95
-4.00485	-53.9
-4.00452	-53.85
-4.00419	-53.8
-4.00386	-53.75
-4.00352	-53.7
-4.00318	-53.65
-4.00285	-53.6
-4.00251	-53.55
-4.00217	-53.5
-4.00183	-53.45
-4.00149	-53.4
-4.00115	-53.35
-4.0008	-53.3
-4.00046	-53.25
-4.00011	-53.2
-3.99977	-53.15
-3.99942	-53.1
-3.99907	-53.05
-3.99872	-53
-3.99837	-52.95
-3.99802	-52.9
-3.99766	-52.85
-3.99731	-52.8
-3.99695	-52.75
-3.9966	-52.7
-3.99624	-52.65
-3.99588	-52.6
-3.99552	-52.55
-3.99516	-52.5
-3.9948	-52.45
-3.99443	-52.4
-3.99407	-52.35
-3.9937	-52.3
-3.99333	-52.25
-3.99296	-52.2
-3.9926	-52.15
-3.99222	-52.1
-3.99185	-52.05
-3.99148	-52
-3.99111	-51.95
-3.99073	-51.9
-3.99035	-51.85
-3.98998	-51.8
-3.9896	-51.75
-3.98922	-51.7
-3.98884	-51.65
-3.98845	-51.6
-3.98807	-51.55
-3.98768	-51.5
-3.9873	-51.45
-3.98691	-51.4
-3.98652	-51.35
-3.98613	-51.3
-3.98574	-51.25
-3.98535	-51.2
-3.98495	-51.15
-3.98456	-51.1
-3.98416	-51.05
-3.98377	-51
-3.98337	-50.95
-3.98297	-50.9
-3.98257	-50.85
-3.98216	-50.8
-3.98176	-50.75
-3.98136	-50.7
-3.98095	-50.65
-3.98054	-50.6
-3.98013	-50.55
-3.97972	-50.5
-3.97931	-50.45
-3.9789	-50.4
-3.97849	-50.35
-3.97807	-50.3
-3.97765	-50.25
-3.97724	-50.2
-3.97682	-50.15
-3.9764	-50.1
-3.97598	-50.05
-3.97555	-50
-3.97513	-49.95
-3.9747	-49.9
-3.97428	-49.85
-3.97385	-49.8
-3.97342	-49.75
-3.97299	-49.7
-3.97256	-49.65
-3.97212	-49.6
-3.97169	-49.55
-3.97125	-49.5
-3.97081	-49.45
-3.97037	-49.4
-3.96993	-49.35
-3.96949	-49.3
-3.96905	-49.25
-3.96861	-49.2
-3.96816	-49.15
-3.96771	-49.1
-3.96726	-49.05
-3.96681	-49
-3.96636	-48.95
-3.96591	-48.9
-3.96546	-48.85
-3.965	-48.8
-3.96454	-48.75
-3.96409	-48.7
-3.96363	-48.65
-3.96317	-48.6
-3.9627	-48.55
-3.96224	-48.5
-3.96177	-48.45
-3.96131	-48.4
-3.96084	-48.35
-3.96037	-48.3
-3.9599	-48.25
-3.95943	-48.2
-3.95895	-48.15
-3.95848	-48.1
-3.958	-48.05
-3.95752	-48
-3.95704	-47.95
-3.95656	-47.9
-3.95608	-47.85
-3.95559	-47.8
-3.95511	-47.75
-3.95462	-47.7
-3.95413	-47.65
-3.95364	-47.6
-3.95315	-47.55
-3.95266	-47.5
-3.95216	-47.45
-3.95167	-47.4
-3.95117	-47.35
-3.95067	-47.3
-3.95017	-47.25
-3.94967	-47.2
-3.94917	-47.15
-3.94866	-47.1
-3.94815	-47.05
-3.94765	-47
-3.94714	-46.95
-3.94663	-46.9
-3.94611	-46.85
-3.9456	-46.8
-3.94508	-46.75
-3.94457	-46.7
-3.94405	-46.65
-3.94353	-46.6
-3.943	-46.55
-3.94248	-46.5
-3.94196	-46.45
-3.94143	-46.4
-3.9409	-46.35
-3.94037	-46.3
-3.93984	-46.25
-3.93931	-46.2
-3.93877	-46.15
-3.93824	-46.1
-3.9377	-46.05
-3.93716	-46
-3.93662	-45.95
-3.93607	-45.9
-3.93553	-45.85
-3.93498	-45.8
-3.93444	-45.75
-3.93389	-45.7
-3.93334	-45.65
-3.93278	-45.6
-3.93223	-45.55
-3.93168	-45.5
-3.93112	-45.45
-3.93056	-45.4
-3.93	-45.35
-3.92944	-45.3
-3.92887	-45.25
-3.92831	-45.2
-3.92774	-45.15
-3.92717	-45.1
-3.9266	-45.05
-3.92603	-45
-3.92545	-44.95
-3.92488	-44.9
-3.9243	-44.85
-3.92372	-44.8
-3.92314	-44.75
-3.92256	-44.7
-3.92197	-44.65
-3.92139	-44.6
-3.9208	-44.55
-3.92021	-44.5
-3.91962	-44.45
-3.91903	-44.4
-3.91843	-44.35
-3.91783	-44.3
-3.91724	-44.25
-3.91664	-44.2
-3.91604	-44.15
-3.91543	-44.1
-3.91483	-44.05
-3.91422	-44
-3.91361	-43.95
-3.913	-43.9
-3.91239	-43.85
-3.91177	-43.8
-3.91116	-43.75
-3.91054	-43.7
-3.90992	-43.65
-3.9093	-43.6
-3.90868	-43.55
-3.90805	-43.5
-3.90743	-43.45
-3.9068	-43.4
-3.90617	-43.35
-3.90554	-43.3
-3.9049	-43.25
-3.90427	-43.2
-3.90363	-43.15
-3.90299	-43.1
-3.90235	-43.05
-3.9017	-43
-3.90106	-42.95
-3.90041	-42.9
-3.89976	-42.85
-3.89911	-42.8
-3.89846	-42.75
-3.89781	-42.7
-3.89715	-42.65
-3.89649	-42.6
-3.89583	-42.55
-3.89517	-42.5
-3.89451	-42.45
-3.89384	-42.4
-3.89317	-42.35
-3.8925	-42.3
-3.89183	-42.25
-3.89116	-42.2
-3.89048	-42.15
-3.88981	-42.1
-3.88913	-42.05
-3.88845	-42
-3.88776	-41.95
-3.88708	-41.9
-3.88639	-41.85
-3.8857	-41.8
-3.88501	-41.75
-3.88432	-41.7
-3.88362	-41.65
-3.88293	-41.6
-3.88223	-41.55
-3.88153	-41.5
-3.88082	-41.45
-3.88012	-41.4
-3.87941	-41.35
-3.8787	-41.3
-3.87799	-41.25
-3.87728	-41.2
-3.87657	-41.15
-3.87585	-41.1
-3.87513	-41.05
-3.87441	-41
-3.87369	-40.95
-3.87296	-40.9
-3.87224	-40.85
-3.87151	-40.8
-3.87078	-40.75
-3.87004	-40.7
-3.86931	-40.65
-3.86857	-40.6
-3.86783	-40.55
-3.86709	-40.5
-3.86635	-40.45
-3.8656	-40.4
-3.86485	-40.35
-3.8641	-40.3
-3.86335	-40.25
-3.8626	-40.2
-3.86184	-40.15
-3.86108	-40.1
-3.86032	-40.05
-3.85956	-40
-3.8588	-39.95
-3.85803	-39.9
-3.85726	-39.85
-3.85649	-39.8
-3.85572	-39.75
-3.85494	-39.7
-3.85416	-39.65
-3.85338	-39.6
-3.8526	-39.55
-3.85182	-39.5
-3.85103	-39.45
-3.85025	-39.4
-3.84945	-39.35
-3.84866	-39.3
-3.84787	-39.25
-3.84707	-39.2
-3.84627	-39.15
-3.84547	-39.1
-3.84467	-39.05
-3.84386	-39
-3.84305	-38.95
-3.84224	-38.9
-3.84143	-38.85
-3.84062	-38.8
-3.8398	-38.75
-3.83898	-38.7
-3.83816	-38.65
-3.83733	-38.6
-3.83651	-38.55
-3.83568	-38.5
-3.83485	-38.45
-3.83402	-38.4
-3.83318	-38.35
-3.83235	-38.3
-3.83151	-38.25
-3.83066	-38.2
-3.82982	-38.15
-3.82897	-38.1
-3.82812	-38.05
-3.82727	-38
-3.82642	-37.95
-3.82556	-37.9
-3.82471	-37.85
-3.82385	-37.8
-3.82298	-37.75
-3.82212	-37.7
-3.82125	-37.65
-3.82038	-37.6
-3.81951	-37.55
-3.81864	-37.5
-3.81776	-37.45
-3.81688	-37.4
-3.816	-37.35
-3.81511	-37.3
-3.81423	-37.25
-3.81334	-37.2
-3.81245	-37.15
-3.81155	-37.1
-3.81066	-37.05
-3.80976	-37
-3.80886	-36.95
-3.80796	-36.9
-3.80705	-36.85
-3.80614	-36.8
-3.80523	-36.75
-3.80432	-36.7
-3.8034	-36.65
-3.80249	-36.6
-3.80157	-36.55
-3.80064	-36.5
-3.79972	-36.45
-3.79879	-36.4
-3.79786	-36.35
-3.79693	-36.3
-3.79599	-36.25
-3.79506	-36.2
-3.79412	-36.15
-3.79317	-36.1
-3.79223	-36.05
-3.79128	-36
-3.79033	-35.95
-3.78938	-35.9
-3.78842	-35.85
-3.78747	-35.8
-3.78651	-35.75
-3.78554	-35.7
-3.78458	-35.65
-3.78361	-35.6
-3.78264	-35.55
-3.78167	-35.5
-3.78069	-35.45
-3.77971	-35.4
-3.77873	-35.35
-3.77775	-35.3
-3.77676	-35.25
-3.77578	-35.2
-3.77479	-35.15
-3.77379	-35.1
-3.7728	-35.05
-3.7718	-35
-3.7708	-34.95
-3.76979	-34.9
-3.76879	-34.85
-3.76778	-34.8
-3.76676	-34.75
-3.76575	-34.7
-3.76473	-34.65
-3.76371	-34.6
-3.76269	-34.55
-3.76167	-34.5
-3.76064	-34.45
-3.75961	-34.4
-3.75857	-34.35
-3.75754	-34.3
-3.7565	-34.25
-3.75546	-34.2
-3.75441	-34.15
-3.75337	-34.1
-3.75232	-34.05
-3.75127	-34
-3.75021	-33.95
-3.74916	-33.9
-3.74809	-33.85
-3.74703	-33.8
-3.74597	-33.75
-3.7449	-33.7
-3.74383	-33.65
-3.74275	-33.6
-3.74168	-33.55
-3.7406	-33.5
-3.73952	-33.45
-3.73843	-33.4
-3.73734	-33.35
-3.73625	-33.3
-3.73516	-33.25
-3.73406	-33.2
-3.73296	-33.15
-3.73186	-33.1
-3.73076	-33.05
-3.72965	-33
-3.72854	-32.95
-3.72743	-32.9
-3.72631	-32.85
-3.72519	-32.8
-3.72407	-32.75
-3.72295	-32.7
-3.72182	-32.65
-3.72069	-32.6
-3.71956	-32.55
-3.71842	-32.5
-3.71728	-32.45
-3.71614	-32.4
-3.715	-32.35
-3.71385	-32.3
-3.7127	-32.25
-3.71155	-32.2
-3.71039	-32.15
-3.70923	-32.1
-3.70807	-32.05
-3.70691	-32
-3.70574	-31.95
-3.70457	-31.9
-3.70339	-31.85
-3.70222	-31.8
-3.70104	-31.75
-3.69986	-31.7
-3.69867	-31.65
-3.69748	-31.6
-3.69629	-31.55
-3.6951	-31.5
-3.6939	-31.45
-3.6927	-31.4
-3.6915	-31.35
-3.69029	-31.3
-3.68908	-31.25
-3.68787	-31.2
-3.68666	-31.15
-3.68544	-31.1
-3.68422	-31.05
-3.68299	-31
-3.68177	-30.95
-3.68054	-30.9
-3.6793	-30.85
-3.67807	-30.8
-3.67683	-30.75
-3.67558	-30.7
-3.67434	-30.65
-3.67309	-30.6
-3.67184	-30.55
-3.67058	-30.5
-3.66933	-30.45
-3.66807	-30.4
-3.6668	-30.35
-3.66553	-30.3
-3.66426	-30.25
-3.66299	-30.2
-3.66172	-30.15
-3.66044	-30.1
-3.65915	-30.05
-3.65787	-30
-3.65658	-29.95
-3.65529	-29.9
-3.65399	-29.85
-3.65269	-29.8
-3.65139	-29.75
-3.65009	-29.7
-3.64878	-29.65
-3.64747	-29.6
-3.64615	-29.55
-3.64484	-29.5
-3.64352	-29.45
-3.64219	-29.4
-3.64087	-29.35
-3.63954	-29.3
-3.6382	-29.25
-3.63687	-29.2
-3.63553	-29.15
-3.63418	-29.1
-3.63284	-29.05
-3.63149	-29
-3.63014	-28.95
-3.62878	-28.9
-3.62742	-28.85
-3.62606	-28.8
-3.62469	-28.75
-3.62333	-28.7
-3.62195	-28.65
-3.62058	-28.6
-3.6192	-28.55
-3.61782	-28.5
-3.61643	-28.45
-3.61504	-28.4
-3.61365	-28.35
-3.61226	-28.3
-3.61086	-28.25
-3.60946	-28.2
-3.60805	-28.15
-3.60664	-28.1
-3.60523	-28.05
-3.60382	-28
-3.6024	-27.95
-3.60098	-27.9
-3.59955	-27.85
-3.59812	-27.8
-3.59669	-27.75
-3.59526	-27.7
-3.59382	-27.65
-3.59238	-27.6
-3.59093	-27.55
-3.58948	-27.5
-3.58803	-27.45
-3.58657	-27.4
-3.58512	-27.35
-3.58365	-27.3
-3.58219	-27.25
-3.58072	-27.2
-3.57925	-27.15
-3.57777	-27.1
-3.57629	-27.05
-3.57481	-27
-3.57332	-26.95
-3.57183	-26.9
-3.57034	-26.85
-3.56884	-26.8
-3.56734	-26.75
-3.56584	-26.7
-3.56433	-26.65
-3.56282	-26.6
-3.56131	-26.55
-3.55979	-26.5
-3.55827	-26.45
-3.55674	-26.4
-3.55522	-26.35
-3.55368	-26.3
-3.55215	-26.25
-3.55061	-26.2
-3.54907	-26.15
-3.54752	-26.1
-3.54597	-26.05
-3.54442	-26
-3.54286	-25.95
-3.5413	-25.9
-3.53974	-25.85
-3.53817	-25.8
-3.5366	-25.75
-3.53503	-25.7
-3.53345	-25.65
-3.53187	-25.6
-3.53029	-25.55
-3.5287	-25.5
-3.52711	-25.45
-3.52551	-25.4
-3.52391	-25.35
-3.52231	-25.3
-3.5207	-25.25
-3.51909	-25.2
-3.51748	-25.15
-3.51586	-25.1
-3.51424	-25.05
-3.51262	-25
-3.51099	-24.95
-3.50936	-24.9
-3.50772	-24.85
-3.50608	-24.8
-3.50444	-24.75
-3.50279	-24.7
-3.50114	-24.65
-3.49949	-24.6
-3.49783	-24.55
-3.49617	-24.5
-3.4945	-24.45
-3.49284	-24.4
-3.49116	-24.35
-3.48949	-24.3
-3.48781	-24.25
-3.48613	-24.2
-3.48444	-24.15
-3.48275	-24.1
-3.48105	-24.05
-3.47935	-24
-3.47765	-23.95
-3.47595	-23.9
-3.47424	-23.85
-3.47252	-23.8
-3.47081	-23.75
-3.46909	-23.7
-3.46736	-23.65
-3.46563	-23.6
-3.4639	-23.55
-3.46216	-23.5
-3.46042	-23.45
-3.45868	-23.4
-3.45693	-23.35
-3.45518	-23.3
-3.45343	-23.25
-3.45167	-23.2
-3.44991	-23.15
-3.44814	-23.1
-3.44637	-23.05
-3.4446	-23
-3.44282	-22.95
-3.44104	-22.9
-3.43925	-22.85
-3.43746	-22.8
-3.43567	-22.75
-3.43387	-22.7
-3.43207	-22.65
-3.43027	-22.6
-3.42846	-22.55
-3.42664	-22.5
-3.42483	-22.45
-3.42301	-22.4
-3.42118	-22.35
-3.41935	-22.3
-3.41752	-22.25
-3.41569	-22.2
-3.41385	-22.15
-3.412	-22.1
-3.41016	-22.05
-3.4083	-22
-3.40645	-21.95
-3.40459	-21.9
-3.40273	-21.85
-3.40086	-21.8
-3.39899	-21.75
-3.39711	-21.7
-3.39523	-21.65
-3.39335	-21.6
-3.39146	-21.55
-3.38957	-21.5
-3.38768	-21.45
-3.38578	-21.4
-3.38387	-21.35
-3.38197	-21.3
-3.38006	-21.25
-3.37814	-21.2
-3.37622	-21.15
-3.3743	-21.1
-3.37237	-21.05
-3.37044	-21
-3.36851	-20.95
-3.36657	-20.9
-3.36462	-20.85
-3.36268	-20.8
-3.36073	-20.75
-3.35877	-20.7
-3.35681	-20.65
-3.35485	-20.6
-3.35288	-20.55
-3.35091	-20.5
-3.34894	-20.45
-3.34696	-20.4
-3.34497	-20.35
-3.34298	-20.3
-3.34099	-20.25
-3.339	-20.2
-3.337	-20.15
-3.33499	-20.1
-3.33299	-20.05
-3.33097	-20
-3.32896	-19.95
-3.32694	-19.9
-3.32491	-19.85
-3.32289	-19.8
-3.32085	-19.75
-3.31882	-19.7
-3.31678	-19.65
-3.31473	-19.6
-3.31268	-19.55
-3.31063	-19.5
-3.30857	-19.45
-3.30651	-19.4
-3.30444	-19.35
-3.30237	-19.3
-3.3003	-19.25
-3.29822	-19.2
-3.29614	-19.15
-3.29405	-19.1
-3.29196	-19.05
-3.28987	-19
-3.28777	-18.95
-3.28567	-18.9
-3.28356	-18.85
-3.28145	-18.8
-3.27933	-18.75
-3.27721	-18.7
-3.27509	-18.65
-3.27296	-18.6
-3.27083	-18.55
-3.26869	-18.5
-3.26655	-18.45
-3.26441	-18.4
-3.26226	-18.35
-3.26011	-18.3
-3.25795	-18.25
-3.25579	-18.2
-3.25362	-18.15
-3.25145	-18.1
-3.24928	-18.05
-3.2471	-18
-3.24491	-17.95
-3.24273	-17.9
-3.24054	-17.85
-3.23834	-17.8
-3.23614	-17.75
-3.23394	-17.7
-3.23173	-17.65
-3.22951	-17.6
-3.2273	-17.55
-3.22508	-17.5
-3.22285	-17.45
-3.22062	-17.4
-3.21839	-17.35
-3.21615	-17.3
-3.21391	-17.25
-3.21166	-17.2
-3.20941	-17.15
-3.20715	-17.1
-3.20489	-17.05
-3.20263	-17
-3.20036	-16.95
-3.19809	-16.9
-3.19581	-16.85
-3.19353	-16.8
-3.19124	-16.75
-3.18895	-16.7
-3.18666	-16.65
-3.18436	-16.6
-3.18206	-16.55
-3.17975	-16.5
-3.17744	-16.45
-3.17512	-16.4
-3.1728	-16.35
-3.17047	-16.3
-3.16815	-16.25
-3.16581	-16.2
-3.16347	-16.15
-3.16113	-16.1
-3.15879	-16.05
-3.15643	-16
-3.15408	-15.95
-3.15172	-15.9
-3.14936	-15.85
-3.14699	-15.8
-3.14461	-15.75
-3.14224	-15.7
-3.13986	-15.65
-3.13747	-15.6
-3.13508	-15.55
-3.13269	-15.5
-3.13029	-15.45
-3.12788	-15.4
-3.12548	-15.35
-3.12306	-15.3
-3.12065	-15.25
-3.11823	-15.2
-3.1158	-15.15
-3.11337	-15.1
-3.11094	-15.05
-3.1085	-15
-3.10605	-14.95
-3.10361	-14.9
-3.10115	-14.85
-3.0987	-14.8
-3.09624	-14.75
-3.09377	-14.7
-3.0913	-14.65
-3.08883	-14.6
-3.08635	-14.55
-3.08387	-14.5
-3.08138	-14.45
-3.07889	-14.4
-3.07639	-14.35
-3.07389	-14.3
-3.07139	-14.25
-3.06888	-14.2
-3.06636	-14.15
-3.06384	-14.1
-3.06132	-14.05
-3.05879	-14
-3.05626	-13.95
-3.05372	-13.9
-3.05118	-13.85
-3.04864	-13.8
-3.04609	-13.75
-3.04353	-13.7
-3.04098	-13.65
-3.03841	-13.6
-3.03585	-13.55
-3.03327	-13.5
-3.0307	-13.45
-3.02812	-13.4
-3.02553	-13.35
-3.02294	-13.3
-3.02035	-13.25
-3.01775	-13.2
-3.01514	-13.15
-3.01253	-13.1
-3.00992	-13.05
-3.00731	-13
-3.00468	-12.95
-3.00206	-12.9
-2.99943	-12.85
-2.99679	-12.8
-2.99415	-12.75
-2.99151	-12.7
-2.98886	-12.65
-2.98621	-12.6
-2.98355	-12.55
-2.98089	-12.5
-2.97822	-12.45
-2.97555	-12.4
-2.97288	-12.35
-2.9702	-12.3
-2.96751	-12.25
-2.96482	-12.2
-2.96213	-12.15
-2.95943	-12.1
-2.95673	-12.05
-2.95402	-12
-2.95131	-11.95
-2.94859	-11.9
-2.94587	-11.85
-2.94315	-11.8
-2.94042	-11.75
-2.93769	-11.7
-2.93495	-11.65
-2.9322	-11.6
-2.92946	-11.55
-2.9267	-11.5
-2.92395	-11.45
-2.92119	-11.4
-2.91842	-11.35
-2.91565	-11.3
-2.91288	-11.25
-2.9101	-11.2
-2.90731	-11.15
-2.90452	-11.1
-2.90173	-11.05
-2.89893	-11
-2.89613	-10.95
-2.89332	-10.9
-2.89051	-10.85
-2.8877	-10.8
-2.88488	-10.75
-2.88205	-10.7
-2.87922	-10.65
-2.87639	-10.6
-2.87355	-10.55
-2.87071	-10.5
-2.86786	-10.45
-2.86501	-10.4
-2.86215	-10.35
-2.85929	-10.3
-2.85643	-10.25
-2.85356	-10.2
-2.85068	-10.15
-2.8478	-10.1
-2.84492	-10.05
-2.84203	-10
-2.83914	-9.95
-2.83624	-9.9
-2.83334	-9.85
-2.83043	-9.8
-2.82752	-9.75
-2.82461	-9.7
-2.82169	-9.65
-2.81876	-9.6
-2.81583	-9.55
-2.8129	-9.5
-2.80996	-9.45
-2.80702	-9.4
-2.80407	-9.35
-2.80112	-9.3
-2.79817	-9.25
-2.7952	-9.2
-2.79224	-9.15
-2.78927	-9.1
-2.7863	-9.05
-2.78332	-9
-2.78033	-8.95
-2.77735	-8.9
-2.77435	-8.85
-2.77136	-8.8
-2.76835	-8.75
-2.76535	-8.7
-2.76234	-8.65
-2.75932	-8.6
-2.7563	-8.55
-2.75328	-8.5
-2.75025	-8.45
-2.74722	-8.4
-2.74418	-8.35
-2.74114	-8.3
-2.73809	-8.25
-2.73504	-8.2
-2.73199	-8.15
-2.72893	-8.1
-2.72586	-8.05
-2.72279	-8
-2.71972	-7.95
-2.71664	-7.9
-2.71356	-7.85
-2.71047	-7.8
-2.70738	-7.75
-2.70428	-7.7
-2.70118	-7.65
-2.69808	-7.6
-2.69497	-7.55
-2.69185	-7.5
-2.68873	-7.45
-2.68561	-7.4
-2.68248	-7.35
-2.67935	-7.3
-2.67621	-7.25
-2.67307	-7.2
-2.66993	-7.15
-2.66678	-7.1
-2.66362	-7.05
-2.66046	-7
-2.6573	-6.95
-2.65413	-6.9
-2.65096	-6.85
-2.64778	-6.8
-2.6446	-6.75
-2.64141	-6.7
-2.63822	-6.65
-2.63503	-6.6
-2.63183	-6.55
-2.62862	-6.5
-2.62542	-6.45
-2.6222	-6.4
-2.61899	-6.35
-2.61576	-6.3
-2.61254	-6.25
-2.60931	-6.2
-2.60607	-6.15
-2.60283	-6.1
-2.59959	-6.05
-2.59634	-6
-2.59309	-5.95
-2.58983	-5.9
-2.58657	-5.85
-2.5833	-5.8
-2.58003	-5.75
-2.57676	-5.7
-2.57348	-5.65
-2.57019	-5.6
-2.5669	-5.55
-2.56361	-5.5
-2.56032	-5.45
-2.55701	-5.4
-2.55371	-5.35
-2.5504	-5.3
-2.54708	-5.25
-2.54376	-5.2
-2.54044	-5.15
-2.53711	-5.1
-2.53378	-5.05
-2.53044	-5
-2.5271	-4.95
-2.52376	-4.9
-2.52041	-4.85
-2.51705	-4.8
-2.51369	-4.75
-2.51033	-4.7
-2.50696	-4.65
-2.50359	-4.6
-2.50022	-4.55
-2.49684	-4.5
-2.49345	-4.45
-2.49006	-4.4
-2.48667	-4.35
-2.48327	-4.3
-2.47987	-4.25
-2.47646	-4.2
-2.47305	-4.15
-2.46964	-4.1
-2.46622	-4.05
-2.46279	-4
-2.45936	-3.95
-2.45593	-3.9
-2.45249	-3.85
-2.44905	-3.8
-2.44561	-3.75
-2.44216	-3.7
-2.4387	-3.65
-2.43525	-3.6
-2.43178	-3.55
-2.42832	-3.5
-2.42485	-3.45
-2.42137	-3.4
-2.41789	-3.35
-2.41441	-3.3
-2.41092	-3.25
-2.40743	-3.2
-2.40393	-3.15
-2.40043	-3.1
-2.39692	-3.05
-2.39341	-3
-2.3899	-2.95
-2.38638	-2.9
-2.38286	-2.85
-2.37933	-2.8
-2.3758	-2.75
-2.37227	-2.7
-2.36873	-2.65
-2.36518	-2.6
-2.36164	-2.55
-2.35809	-2.5
-2.35453	-2.45
-2.35097	-2.4
-2.3474	-2.35
-2.34384	-2.3
-2.34026	-2.25
-2.33669	-2.2
-2.33311	-2.15
-2.32952	-2.1
-2.32593	-2.05
-2.32234	-2
-2.31874	-1.95
-2.31514	-1.9
-2.31153	-1.85
-2.30792	-1.8
-2.30431	-1.75
-2.30069	-1.7
-2.29707	-1.65
-2.29344	-1.6
-2.28981	-1.55
-2.28618	-1.5
-2.28254	-1.45
-2.27889	-1.4
-2.27525	-1.35
-2.2716	-1.3
-2.26794	-1.25
-2.26428	-1.2
-2.26062	-1.15
-2.25695	-1.1
-2.25328	-1.05
-2.24956	-1
-2.24588	-0.95
-2.2422	-0.9
-2.23852	-0.85
-2.23483	-0.8
-2.23113	-0.75
-2.22744	-0.7
-2.22373	-0.65
-2.22003	-0.6
-2.21632	-0.55
-2.2126	-0.5
-2.20889	-0.45
-2.20516	-0.4
-2.20144	-0.35
-2.19771	-0.3
-2.19398	-0.25
-2.19024	-0.2
-2.1865	-0.15
-2.18275	-0.1
-2.179	-0.05
-2.17525	0
-2.17149	0.05
-2.16773	0.1
-2.16397	0.15
-2.1602	0.2
-2.15643	0.25
-2.15265	0.3
-2.14887	0.35
-2.14508	0.4
-2.1413	0.45
-2.1375	0.5
-2.13371	0.55
-2.12991	0.6
-2.12611	0.65
-2.1223	0.7
-2.11849	0.75
-2.11467	0.8
-2.11085	0.85
-2.10703	0.9
-2.10321	0.95
-2.09938	1
-2.09554	1.05
-2.0917	1.1
-2.08786	1.15
-2.08402	1.2
-2.08017	1.25
-2.07632	1.3
-2.07246	1.35
-2.0686	1.4
-2.06474	1.45
-2.06087	1.5
-2.057	1.55
-2.05312	1.6
-2.04924	1.65
-2.04536	1.7
-2.04148	1.75
-2.03759	1.8
-2.03369	1.85
-2.0298	1.9
-2.0259	1.95
-2.02199	2
-2.01808	2.05
-2.01417	2.1
-2.01026	2.15
-2.00634	2.2
-2.00242	2.25
-1.99849	2.3
-1.99456	2.35
-1.99063	2.4
-1.98669	2.45
-1.98275	2.5
-1.97881	2.55
-1.97486	2.6
-1.97091	2.65
-1.96695	2.7
-1.963	2.75
-1.95903	2.8
-1.95507	2.85
-1.9511	2.9
-1.94713	2.95
-1.94315	3
-1.93917	3.05
-1.93519	3.1
-1.93121	3.15
-1.92722	3.2
-1.92322	3.25
-1.91923	3.3
-1.91523	3.35
-1.91122	3.4
-1.90722	3.45
-1.90321	3.5
-1.8992	3.55
-1.89518	3.6
-1.89116	3.65
-1.88713	3.7
-1.88311	3.75
-1.87908	3.8
-1.87504	3.85
-1.87101	3.9
-1.86697	3.95
-1.86292	4
-1.85888	4.05
-1.85483	4.1
-1.85077	4.15
-1.84672	4.2
-1.84266	4.25
-1.83859	4.3
-1.83453	4.35
-1.83046	4.4
-1.82638	4.45
-1.82231	4.5
-1.81823	4.55
-1.81414	4.6
-1.81006	4.65
-1.80597	4.7
-1.80188	4.75
-1.79778	4.8
-1.79368	4.85
-1.78958	4.9
-1.78547	4.95
-1.78137	5
-1.77725	5.05
-1.77314	5.1
-1.76902	5.15
-1.7649	5.2
-1.76078	5.25
-1.75665	5.3
-1.75252	5.35
-1.74839	5.4
-1.74425	5.45
-1.74011	5.5
-1.73597	5.55
-1.73182	5.6
-1.72767	5.65
-1.72352	5.7
-1.71937	5.75
-1.71521	5.8
-1.71105	5.85
-1.70689	5.9
-1.70272	5.95
-1.69855	6
-1.69438	6.05
-1.6902	6.1
-1.68602	6.15
-1.68184	6.2
-1.67766	6.25
-1.67347	6.3
-1.66928	6.35
-1.66509	6.4
-1.66089	6.45
-1.65669	6.5
-1.65249	6.55
-1.64829	6.6
-1.64408	6.65
-1.63987	6.7
-1.63566	6.75
-1.63144	6.8
-1.62722	6.85
-1.623	6.9
-1.61878	6.95
-1.61455	7
-1.61032	7.05
-1.60609	7.1
-1.60185	7.15
-1.59762	7.2
-1.59338	7.25
-1.58913	7.3
-1.58489	7.35
-1.58064	7.4
-1.57639	7.45
-1.57213	7.5
-1.56788	7.55
-1.56362	7.6
-1.55936	7.65
-1.55509	7.7
-1.55082	7.75
-1.54655	7.8
-1.54228	7.85
-1.53801	7.9
-1.53373	7.95
-1.52945	8
-1.52516	8.05
-1.52088	8.1
-1.51659	8.15
-1.5123	8.2
-1.50801	8.25
-1.50371	8.3
-1.49941	8.35
-1.49511	8.4
-1.49081	8.45
-1.48651	8.5
-1.4822	8.55
-1.47789	8.6
-1.47358	8.65
-1.46926	8.7
-1.46494	8.75
-1.46062	8.8
-1.4563	8.85
-1.45198	8.9
-1.44765	8.95
-1.44332	9
-1.43899	9.05
-1.43465	9.1
-1.43032	9.15
-1.42598	9.2
-1.42164	9.25
-1.41729	9.3
-1.41295	9.35
-1.4086	9.4
-1.40425	9.45
-1.3999	9.5
-1.39554	9.55
-1.39119	9.6
-1.38683	9.65
-1.38246	9.7
-1.3781	9.75
-1.37374	9.8
-1.36937	9.85
-1.365	9.9
-1.36062	9.95
-1.35625	10
-1.35187	10.05
-1.34749	10.1
-1.34311	10.15
-1.33873	10.2
-1.33435	10.25
-1.32996	10.3
-1.32557	10.35
-1.32118	10.4
-1.31679	10.45
-1.31239	10.5
-1.30799	10.55
-1.30359	10.6
-1.29919	10.65
-1.29479	10.7
-1.29038	10.75
-1.28598	10.8
-1.28157	10.85
-1.27716	10.9
-1.27274	10.95
-1.26833	11
-1.26391	11.05
-1.25949	11.1
-1.25507	11.15
-1.25065	11.2
-1.24622	11.25
-1.2418	11.3
-1.23737	11.35
-1.23294	11.4
-1.22851	11.45
-1.22407	11.5
-1.21964	11.55
-1.2152	11.6
-1.21076	11.65
-1.20632	11.7
-1.20188	11.75
-1.19743	11.8
-1.19299	11.85
-1.18854	11.9
-1.18409	11.95
-1.17964	12
-1.17519	12.05
-1.17073	12.1
-1.16628	12.15
-1.16182	12.2
-1.15736	12.25
-1.1529	12.3
-1.14844	12.35
-1.14397	12.4
-1.13951	12.45
-1.13504	12.5
-1.13057	12.55
-1.1261	12.6
-1.12163	12.65
-1.11716	12.7
-1.11268	12.75
-1.1082	12.8
-1.10373	12.85
-1.09925	12.9
-1.09476	12.95
-1.09028	13
-1.0858	13.05
-1.08131	13.1
-1.07683	13.15
-1.07234	13.2
-1.06785	13.25
-1.06336	13.3
-1.05887	13.35
-1.05437	13.4
-1.04988	13.45
-1.04538	13.5
-1.04088	13.55
-1.03638	13.6
-1.03188	13.65
-1.02738	13.7
-1.02288	13.75
-1.01838	13.8
-1.01387	13.85
-1.00936	13.9
-1.00486	13.95
-1.00035	14
-0.995835	14.05
-0.991324	14.1
-0.986811	14.15
-0.982297	14.2
-0.977783	14.25
-0.973266	14.3
-0.968749	14.35
-0.96423	14.4
-0.959711	14.45
-0.95519	14.5
-0.950667	14.55
-0.946145	14.6
-0.941621	14.65
-0.937095	14.7
-0.93257	14.75
-0.928043	14.8
-0.923515	14.85
-0.918985	14.9
-0.914455	14.95
-0.909924	15
-0.905392	15.05
-0.900859	15.1
-0.896325	15.15
-0.891791	15.2
-0.887255	15.25
-0.882718	15.3
-0.87818	15.35
-0.873641	15.4
-0.869102	15.45
-0.864562	15.5
-0.860021	15.55
-0.855478	15.6
-0.850935	15.65
-0.846393	15.7
-0.841848	15.75
-0.837303	15.8
-0.832757	15.85
-0.82821	15.9
-0.823662	15.95
-0.819113	16
-0.814565	16.05
-0.810015	16.1
-0.805465	16.15
-0.800914	16.2
-0.796363	16.25
-0.79181	16.3
-0.787256	16.35
-0.782702	16.4
-0.778148	16.45
-0.773593	16.5
-0.769037	16.55
-0.76448	16.6
-0.759925	16.65
-0.755367	16.7
-0.750808	16.75
-0.74625	16.8
-0.741691	16.85
-0.737132	16.9
-0.732572	16.95
-0.728011	17
-0.723449	17.05
-0.718888	17.1
-0.714326	17.15
-0.709764	17.2
-0.7052	17.25
-0.700637	17.3
-0.696074	17.35
-0.691508	17.4
-0.686945	17.45
-0.682379	17.5
-0.677814	17.55
-0.673248	17.6
-0.668682	17.65
-0.664116	17.7
-0.659549	17.75
-0.654982	17.8
-0.650415	17.85
-0.645846	17.9
-0.641279	17.95
-0.636711	18
-0.632142	18.05
-0.627574	18.1
-0.623005	18.15
-0.618436	18.2
-0.613867	18.25
-0.609296	18.3
-0.604727	18.35
-0.600158	18.4
-0.595587	18.45
-0.591017	18.5
-0.586446	18.55
-0.581876	18.6
-0.577305	18.65
-0.572735	18.7
-0.568165	18.75
-0.563594	18.8
-0.559023	18.85
-0.554452	18.9
-0.549881	18.95
-0.54531	19
-0.540739	19.05
-0.536168	19.1
-0.531597	19.15
-0.527025	19.2
-0.522454	19.25
-0.517884	19.3
-0.513313	19.35
-0.508741	19.4
-0.504172	19.45
-0.499601	19.5
-0.495031	19.55
-0.49046	19.6
-0.48589	19.65
-0.48132	19.7
-0.476749	19.75
-0.47218	19.8
-0.467611	19.85
-0.463041	19.9
-0.458472	19.95
-0.453902	20
-0.449333	20.05
-0.444764	20.1
-0.440197	20.15
-0.435628	20.2
-0.431061	20.25
-0.426492	20.3
-0.421925	20.35
-0.417358	20.4
-0.412792	20.45
-0.408226	20.5
-0.40366	20.55
-0.399094	20.6
-0.394529	20.65
-0.389964	20.7
-0.3854	20.75
-0.380836	20.8
-0.376271	20.85
-0.371708	20.9
-0.367145	20.95
-0.362582	21
-0.35802	21.05
-0.353459	21.1
-0.348898	21.15
-0.344337	21.2
-0.339777	21.25
-0.335217	21.3
-0.330659	21.35
-0.3261	21.4
-0.321542	21.45
-0.316984	21.5
-0.312428	21.55
-0.307871	21.6
-0.303316	21.65
-0.298761	21.7
-0.294206	21.75
-0.289652	21.8
-0.285099	21.85
-0.280546	21.9
-0.275995	21.95
-0.271444	22
-0.266893	22.05
-0.262343	22.1
-0.257793	22.15
-0.253245	22.2
-0.248697	22.25
-0.24415	22.3
-0.239604	22.35
-0.235058	22.4
-0.230513	22.45
-0.225969	22.5
-0.221426	22.55
-0.216883	22.6
-0.212343	22.65
-0.207801	22.7
-0.203261	22.75
-0.198722	22.8
-0.194184	22.85
-0.189646	22.9
-0.18511	22.95
-0.180574	23
-0.17604	23.05
-0.171506	23.1
-0.166972	23.15
-0.16244	23.2
-0.15791	23.25
-0.15338	23.3
-0.148851	23.35
-0.144323	23.4
-0.139794	23.45
-0.135269	23.5
-0.130744	23.55
-0.126219	23.6
-0.121697	23.65
-0.117174	23.7
-0.112653	23.75
-0.108133	23.8
-0.103614	23.85
-0.0990972	23.9
-0.0945796	23.95
-0.0900654	24
-0.0855509	24.05
-0.081036	24.1
-0.0765248	24.15
-0.0720133	24.2
-0.0675035	24.25
-0.0629955	24.3
-0.0584874	24.35
-0.0539812	24.4
-0.0494748	24.45
-0.0449705	24.5
-0.0404681	24.55
-0.0359678	24.6
-0.0314676	24.65
-0.0269675	24.7
-0.0224696	24.75
-0.0179739	24.8
-0.0134784	24.85
-0.00898326	24.9
-0.00449043	24.95
0	25
0.00449004	25.05
0.00897964	25.1
0.0134667	25.15
0.0179512	25.2
0.0224372	25.25
0.0269206	25.3
0.0314013	25.35
0.0358833	25.4
0.0403605	25.45
0.0448391	25.5
0.0493147	25.55
0.0537896	25.6
0.0582635	25.65
0.0627366	25.7
0.0672066	25.75
0.0716757	25.8
0.0761437	25.85
0.0806085	25.9
0.0850723	25.95
0.089537	26
0.0939984	26.05
0.0984586	26.1
0.102915	26.15
0.107373	26.2
0.111827	26.25
0.116282	26.3
0.120734	26.35
0.125186	26.4
0.129634	26.45
0.134081	26.5
0.138526	26.55
0.14297	26.6
0.147414	26.65
0.151854	26.7
0.156293	26.75
0.16073	26.8
0.165167	26.85
0.1696	26.9
0.174034	26.95
0.178463	27
0.182893	27.05
0.18732	27.1
0.191746	27.15
0.196169	27.2
0.200591	27.25
0.205012	27.3
0.209431	27.35
0.213846	27.4
0.218263	27.45
0.222675	27.5
0.227087	27.55
0.231495	27.6
0.235905	27.65
0.24031	27.7
0.244714	27.75
0.249116	27.8
0.253516	27.85
0.257915	27.9
0.262312	27.95
0.266705	28
0.271099	28.05
0.275489	28.1
0.279879	28.15
0.284266	28.2
0.28865	28.25
0.293034	28.3
0.297414	28.35
0.301794	28.4
0.306171	28.45
0.310547	28.5
0.31492	28.55
0.319292	28.6
0.323661	28.65
0.328028	28.7
0.332393	28.75
0.336757	28.8
0.341117	28.85
0.345476	28.9
0.349834	28.95
0.354188	29
0.358542	29.05
0.362891	29.1
0.36724	29.15
0.371587	29.2
0.375933	29.25
0.380275	29.3
0.384614	29.35
0.388953	29.4
0.393289	29.45
0.397623	29.5
0.401955	29.55
0.406284	29.6
0.410611	29.65
0.414936	29.7
0.41926	29.75
0.42358	29.8
0.4279	29.85
0.432216	29.9
0.43653	29.95
0.440843	30
0.445151	30.05
0.44946	30.1
0.453764	30.15
0.458066	30.2
0.462367	30.25
0.466665	30.3
0.470961	30.35
0.475255	30.4
0.479547	30.45
0.483837	30.5
0.488124	30.55
0.492407	30.6
0.49669	30.65
0.500971	30.7
0.505247	30.75
0.509523	30.8
0.513796	30.85
0.518065	30.9
0.522334	30.95
0.5266	31
0.530863	31.05
0.535124	31.1
0.539382	31.15
0.543638	31.2
0.547891	31.25
0.552144	31.3
0.556391	31.35
0.560638	31.4
0.564883	31.45
0.569124	31.5
0.573363	31.55
0.577598	31.6
0.581831	31.65
0.586063	31.7
0.590292	31.75
0.594519	31.8
0.598742	31.85
0.602964	31.9
0.607183	31.95
0.611399	32
0.615612	32.05
0.619824	32.1
0.624033	32.15
0.628239	32.2
0.632444	32.25
0.636645	32.3
0.640843	32.35
0.645037	32.4
0.649231	32.45
0.653421	32.5
0.65761	32.55
0.661795	32.6
0.665977	32.65
0.670157	32.7
0.674334	32.75
0.67851	32.8
0.682683	32.85
0.686851	32.9
0.691018	32.95
0.695184	33
0.699343	33.05
0.703504	33.1
0.707658	33.15
0.711814	33.2
0.715962	33.25
0.720112	33.3
0.724255	33.35
0.7284	33.4
0.73254	33.45
0.736676	33.5
0.740811	33.55
0.744941	33.6
0.749072	33.65
0.753197	33.7
0.757319	33.75
0.76144	33.8
0.765559	33.85
0.769674	33.9
0.773787	33.95
0.777896	34
0.782002	34.05
0.786107	34.1
0.790207	34.15
0.794305	34.2
0.798402	34.25
0.802493	34.3
0.806583	34.35
0.81067	34.4
0.814753	34.45
0.818833	34.5
0.822912	34.55
0.826988	34.6
0.831059	34.65
0.835132	34.7
0.839195	34.75
0.84326	34.8
0.847323	34.85
0.85138	34.9
0.855435	34.95
0.859487	35
0.863537	35.05
0.867582	35.1
0.871627	35.15
0.875667	35.2
0.879705	35.25
0.883739	35.3
0.887772	35.35
0.891798	35.4
0.895826	35.45
0.899847	35.5
0.903869	35.55
0.907885	35.6
0.911898	35.65
0.915909	35.7
0.919917	35.75
0.923922	35.8
0.927924	35.85
0.931923	35.9
0.935919	35.95
0.93991	36
0.9439	36.05
0.947888	36.1
0.951872	36.15
0.955854	36.2
0.959829	36.25
0.963804	36.3
0.967776	36.35
0.971745	36.4
0.975711	36.45
0.979674	36.5
0.983633	36.55
0.987589	36.6
0.991541	36.65
0.995491	36.7
0.999437	36.75
1.00338	36.8
1.00732	36.85
1.01126	36.9
1.0152	36.95
1.01912	37
1.02305	37.05
1.02698	37.1
1.0309	37.15
1.03482	37.2
1.03874	37.25
1.04265	37.3
1.04656	37.35
1.05047	37.4
1.05437	37.45
1.05827	37.5
1.06216	37.55
1.06606	37.6
1.06995	37.65
1.07384	37.7
1.07772	37.75
1.0816	37.8
1.08548	37.85
1.08935	37.9
1.09322	37.95
1.09709	38
1.10096	38.05
1.10482	38.1
1.10868	38.15
1.11253	38.2
1.11639	38.25
1.12023	38.3
1.12408	38.35
1.12792	38.4
1.13176	38.45
1.1356	38.5
1.13943	38.55
1.14326	38.6
1.14708	38.65
1.15091	38.7
1.15473	38.75
1.15855	38.8
1.16236	38.85
1.16617	38.9
1.16997	38.95
1.17378	39
1.17758	39.05
1.18137	39.1
1.18517	39.15
1.18896	39.2
1.19274	39.25
1.19653	39.3
1.20031	39.35
1.20409	39.4
1.20786	39.45
1.21163	39.5
1.2154	39.55
1.21916	39.6
1.22292	39.65
1.22668	39.7
1.23043	39.75
1.23418	39.8
1.23793	39.85
1.24167	39.9
1.24542	39.95
1.24915	40
1.25289	40.05
1.25661	40.1
1.26034	40.15
1.26406	40.2
1.26778	40.25
1.2715	40.3
1.27522	40.35
1.27893	40.4
1.28263	40.45
1.28634	40.5
1.29004	40.55
1.29373	40.6
1.29743	40.65
1.30111	40.7
1.3048	40.75
1.30849	40.8
1.31217	40.85
1.31584	40.9
1.31951	40.95
1.32318	41
1.32685	41.05
1.33051	41.1
1.33417	41.15
1.33783	41.2
1.34148	41.25
1.34513	41.3
1.34878	41.35
1.35242	41.4
1.35606	41.45
1.35969	41.5
1.36332	41.55
1.36695	41.6
1.37058	41.65
1.3742	41.7
1.37782	41.75
1.38143	41.8
1.38504	41.85
1.38865	41.9
1.39226	41.95
1.39586	42
1.39946	42.05
1.40305	42.1
1.40664	42.15
1.41023	42.2
1.41381	42.25
1.41739	42.3
1.42097	42.35
1.42454	42.4
1.42811	42.45
1.43168	42.5
1.43524	42.55
1.4388	42.6
1.44236	42.65
1.44591	42.7
1.44946	42.75
1.453	42.8
1.45654	42.85
1.46008	42.9
1.46362	42.95
1.46715	43
1.47068	43.05
1.4742	43.1
1.47773	43.15
1.48124	43.2
1.48475	43.25
1.48827	43.3
1.49177	43.35
1.49528	43.4
1.49878	43.45
1.50227	43.5
1.50577	43.55
1.50926	43.6
1.51274	43.65
1.51622	43.7
1.51971	43.75
1.52318	43.8
1.52665	43.85
1.53012	43.9
1.53359	43.95
1.53705	44
1.5405	44.05
1.54396	44.1
1.54741	44.15
1.55086	44.2
1.5543	44.25
1.55774	44.3
1.56118	44.35
1.56461	44.4
1.56804	44.45
1.57147	44.5
1.57489	44.55
1.57831	44.6
1.58173	44.65
1.58514	44.7
1.58855	44.75
1.59195	44.8
1.59535	44.85
1.59875	44.9
1.60214	44.95
1.60554	45
1.60892	45.05
1.61231	45.1
1.61569	45.15
1.61906	45.2
1.62244	45.25
1.62581	45.3
1.62917	45.35
1.63254	45.4
1.63589	45.45
1.63925	45.5
1.6426	45.55
1.64595	45.6
1.64929	45.65
1.65263	45.7
1.65597	45.75
1.65931	45.8
1.66264	45.85
1.66596	45.9
1.66929	45.95
1.67261	46
1.67592	46.05
1.67924	46.1
1.68254	46.15
1.68585	46.2
1.68915	46.25
1.69245	46.3
1.69574	46.35
1.69904	46.4
1.70232	46.45
1.70561	46.5
1.70889	46.55
1.71217	46.6
1.71544	46.65
1.71871	46.7
1.72198	46.75
1.72524	46.8
1.7285	46.85
1.73176	46.9
1.73501	46.95
1.73826	47
1.7415	47.05
1.74474	47.1
1.74798	47.15
1.75121	47.2
1.75444	47.25
1.75767	47.3
1.7609	47.35
1.76411	47.4
1.76733	47.45
1.77054	47.5
1.77375	47.55
1.77696	47.6
1.78016	47.65
1.78336	47.7
1.78656	47.75
1.78975	47.8
1.79293	47.85
1.79612	47.9
1.7993	47.95
1.80248	48
1.80565	48.05
1.80882	48.1
1.81199	48.15
1.81515	48.2
1.81831	48.25
1.82146	48.3
1.82462	48.35
1.82777	48.4
1.83091	48.45
1.83405	48.5
1.83719	48.55
1.84033	48.6
1.84346	48.65
1.84658	48.7
1.84971	48.75
1.85283	48.8
1.85594	48.85
1.85906	48.9
1.86216	48.95
1.86527	49
1.86838	49.05
1.87147	49.1
1.87457	49.15
1.87766	49.2
1.88075	49.25
1.88383	49.3
1.88692	49.35
1.88999	49.4
1.89307	49.45
1.89614	49.5
1.8992	49.55
1.90227	49.6
1.90532	49.65
1.90838	49.7
1.91143	49.75
1.91448	49.8
1.91753	49.85
1.92057	49.9
1.92361	49.95
1.92664	50
1.92967	50.05
1.9327	50.1
1.93573	50.15
1.93875	50.2
1.94176	50.25
1.94478	50.3
1.94779	50.35
1.9508	50.4
1.9538	50.45
1.9568	50.5
1.95979	50.55
1.96279	50.6
1.96577	50.65
1.96876	50.7
1.97174	50.75
1.97472	50.8
1.97769	50.85
1.98066	50.9
1.98363	50.95
1.9866	51
1.98956	51.05
1.99251	51.1
1.99547	51.15
1.99842	51.2
2.00136	51.25
2.0043	51.3
2.00724	51.35
2.01018	51.4
2.01311	51.45
2.01604	51.5
2.01897	51.55
2.02189	51.6
2.02481	51.65
2.02772	51.7
2.03063	51.75
2.03354	51.8
2.03644	51.85
2.03935	51.9
2.04224	51.95
2.04514	52
2.04802	52.05
2.05091	52.1
2.05379	52.15
2.05667	52.2
2.05955	52.25
2.06242	52.3
2.06529	52.35
2.06816	52.4
2.07102	52.45
2.07388	52.5
2.07673	52.55
2.07959	52.6
2.08243	52.65
2.08527	52.7
2.08812	52.75
2.09096	52.8
2.09379	52.85
2.09662	52.9
2.09945	52.95
2.10227	53
2.10509	53.05
2.10791	53.1
2.11072	53.15
2.11353	53.2
2.11634	53.25
2.11914	53.3
2.12194	53.35
2.12474	53.4
2.12753	53.45
2.13031	53.5
2.1331	53.55
2.13589	53.6
2.13866	53.65
2.14144	53.7
2.14421	53.75
2.14697	53.8
2.14974	53.85
2.1525	53.9
2.15526	53.95
2.15801	54
2.16076	54.05
2.16351	54.1
2.16625	54.15
2.169	54.2
2.17174	54.25
2.17447	54.3
2.1772	54.35
2.17992	54.4
2.18265	54.45
2.18537	54.5
2.18808	54.55
2.1908	54.6
2.19351	54.65
2.19621	54.7
2.19891	54.75
2.20161	54.8
2.20431	54.85
2.207	54.9
2.20969	54.95
2.21238	55
2.21506	55.05
2.21774	55.1
2.22042	55.15
2.22309	55.2
2.22575	55.25
2.22842	55.3
2.23108	55.35
2.23374	55.4
2.2364	55.45
2.23905	55.5
2.2417	55.55
2.24434	55.6
2.24698	55.65
2.24962	55.7
2.25225	55.75
2.25488	55.8
2.25752	55.85
2.26014	55.9
2.26276	55.95
2.26537	56
2.26799	56.05
2.2706	56.1
2.27321	56.15
2.27581	56.2
2.27841	56.25
2.28101	56.3
2.28361	56.35
2.2862	56.4
2.28879	56.45
2.29137	56.5
2.29395	56.55
2.29653	56.6
2.2991	56.65
2.30167	56.7
2.30424	56.75
2.3068	56.8
2.30936	56.85
2.31192	56.9
2.31448	56.95
2.31703	57
2.31957	57.05
2.32212	57.1
2.32466	57.15
2.32719	57.2
2.32973	57.25
2.33226	57.3
2.33479	57.35
2.33731	57.4
2.33983	57.45
2.34235	57.5
2.34486	57.55
2.34738	57.6
2.34988	57.65
2.35239	57.7
2.35489	57.75
2.35739	57.8
2.35988	57.85
2.36237	57.9
2.36486	57.95
2.36735	58
2.36983	58.05
2.3723	58.1
2.37478	58.15
2.37725	58.2
2.37972	58.25
2.38218	58.3
2.38464	58.35
2.3871	58.4
2.38956	58.45
2.39201	58.5
2.39446	58.55
2.3969	58.6
2.39934	58.65
2.40178	58.7
2.40422	58.75
2.40665	58.8
2.40908	58.85
2.41151	58.9
2.41393	58.95
2.41635	59
2.41877	59.05
2.42118	59.1
2.42359	59.15
2.42599	59.2
2.4284	59.25
2.4308	59.3
2.43319	59.35
2.43559	59.4
2.43798	59.45
2.44036	59.5
2.44275	59.55
2.44513	59.6
2.44751	59.65
2.44988	59.7
2.45225	59.75
2.45462	59.8
2.45699	59.85
2.45935	59.9
2.4617	59.95
2.46406	60
2.46641	60.05
2.46876	60.1
2.47111	60.15
2.47345	60.2
2.47579	60.25
2.47812	60.3
2.48045	60.35
2.48278	60.4
2.48511	60.45
2.48744	60.5
2.48975	60.55
2.49207	60.6
2.49438	60.65
2.4967	60.7
2.49901	60.75
2.50131	60.8
2.50361	60.85
2.50591	60.9
2.5082	60.95
2.5105	61
2.51279	61.05
2.51507	61.1
2.51735	61.15
2.51963	61.2
2.52191	61.25
2.52418	61.3
2.52645	61.35
2.52872	61.4
2.53098	61.45
2.53325	61.5
2.5355	61.55
2.53776	61.6
2.54001	61.65
2.54226	61.7
2.54451	61.75
2.54675	61.8
2.54899	61.85
2.55122	61.9
2.55345	61.95
2.55568	62
2.55791	62.05
2.56014	62.1
2.56235	62.15
2.56457	62.2
2.56679	62.25
2.569	62.3
2.57121	62.35
2.57341	62.4
2.57561	62.45
2.57781	62.5
2.58001	62.55
2.5822	62.6
2.58439	62.65
2.58658	62.7
2.58877	62.75
2.59095	62.8
2.59313	62.85
2.5953	62.9
2.59747	62.95
2.59964	63
2.60181	63.05
2.60397	63.1
2.60613	63.15
2.60829	63.2
2.61044	63.25
2.61259	63.3
2.61474	63.35
2.61688	63.4
2.61902	63.45
2.62117	63.5
2.6233	63.55
2.62543	63.6
2.62757	63.65
2.62969	63.7
2.63181	63.75
2.63394	63.8
2.63605	63.85
2.63817	63.9
2.64028	63.95
2.64239	64
2.6445	64.05
2.6466	64.1
2.6487	64.15
2.6508	64.2
2.65289	64.25
2.65498	64.3
2.65708	64.35
2.65916	64.4
2.66124	64.45
2.66332	64.5
2.6654	64.55
2.66747	64.6
2.66954	64.65
2.67161	64.7
2.67368	64.75
2.67574	64.8
2.6778	64.85
2.67985	64.9
2.68191	64.95
2.68396	65
2.68601	65.05
2.68805	65.1
2.69009	65.15
2.69213	65.2
2.69417	65.25
2.6962	65.3
2.69823	65.35
2.70026	65.4
2.70228	65.45
2.7043	65.5
2.70633	65.55
2.70834	65.6
2.71036	65.65
2.71236	65.7
2.71437	65.75
2.71638	65.8
2.71838	65.85
2.72037	65.9
2.72237	65.95
2.72436	66
2.72636	66.05
2.72835	66.1
2.73033	66.15
2.73231	66.2
2.73429	66.25
2.73626	66.3
2.73824	66.35
2.74021	66.4
2.74218	66.45
2.74414	66.5
2.74611	66.55
2.74806	66.6
2.75002	66.65
2.75198	66.7
2.75392	66.75
2.75588	66.8
2.75782	66.85
2.75976	66.9
2.7617	66.95
2.76364	67
2.76557	67.05
2.76751	67.1
2.76943	67.15
2.77136	67.2
2.77328	67.25
2.7752	67.3
2.77712	67.35
2.77903	67.4
2.78095	67.45
2.78285	67.5
2.78476	67.55
2.78667	67.6
2.78857	67.65
2.79046	67.7
2.79236	67.75
2.79425	67.8
2.79615	67.85
2.79803	67.9
2.79992	67.95
2.8018	68
2.80368	68.05
2.80555	68.1
2.80743	68.15
2.8093	68.2
2.81117	68.25
2.81303	68.3
2.8149	68.35
2.81676	68.4
2.81861	68.45
2.82047	68.5
2.82232	68.55
2.82418	68.6
2.82602	68.65
2.82787	68.7
2.8297	68.75
2.83154	68.8
2.83338	68.85
2.83521	68.9
2.83705	68.95
2.83887	69
2.8407	69.05
2.84252	69.1
2.84434	69.15
2.84616	69.2
2.84797	69.25
2.84979	69.3
2.8516	69.35
2.8534	69.4
2.85521	69.45
2.85701	69.5
2.85881	69.55
2.86061	69.6
2.8624	69.65
2.86419	69.7
2.86598	69.75
2.86777	69.8
2.86955	69.85
2.87133	69.9
2.87311	69.95
2.87489	70
2.87666	70.05
2.87843	70.1
2.8802	70.15
2.88197	70.2
2.88373	70.25
2.88549	70.3
2.88724	70.35
2.889	70.4
2.89075	70.45
2.8925	70.5
2.89425	70.55
2.896	70.6
2.89774	70.65
2.89948	70.7
2.90121	70.75
2.90295	70.8
2.90468	70.85
2.90641	70.9
2.90814	70.95
2.90987	71
2.91158	71.05
2.91331	71.1
2.91502	71.15
2.91674	71.2
2.91845	71.25
2.92016	71.3
2.92186	71.35
2.92357	71.4
2.92527	71.45
2.92697	71.5
2.92867	71.55
2.93036	71.6
2.93206	71.65
2.93374	71.7
2.93543	71.75
2.93711	71.8
2.9388	71.85
2.94048	71.9
2.94215	71.95
2.94383	72
2.9455	72.05
2.94717	72.1
2.94883	72.15
2.9505	72.2
2.95216	72.25
2.95382	72.3
2.95548	72.35
2.95714	72.4
2.95879	72.45
2.96044	72.5
2.96208	72.55
2.96373	72.6
2.96537	72.65
2.96701	72.7
2.96865	72.75
2.97028	72.8
2.97192	72.85
2.97355	72.9
2.97518	72.95
2.9768	73
2.97842	73.05
2.98004	73.1
2.98166	73.15
2.98328	73.2
2.98489	73.25
2.9865	73.3
2.98812	73.35
2.98972	73.4
2.99133	73.45
2.99293	73.5
2.99453	73.55
2.99612	73.6
2.99772	73.65
2.99931	73.7
3.0009	73.75
3.00249	73.8
3.00407	73.85
3.00565	73.9
3.00724	73.95
3.00881	74
3.01039	74.05
3.01196	74.1
3.01354	74.15
3.0151	74.2
3.01667	74.25
3.01824	74.3
3.01979	74.35
3.02136	74.4
3.02291	74.45
3.02447	74.5
3.02602	74.55
3.02757	74.6
3.02912	74.65
3.03066	74.7
3.03221	74.75
3.03375	74.8
3.03529	74.85
3.03683	74.9
3.03836	74.95
3.03989	75
3.04142	75.05
3.04295	75.1
3.04448	75.15
3.04601	75.2
3.04753	75.25
3.04906	75.3
3.05057	75.35
3.05209	75.4
3.0536	75.45
3.05512	75.5
3.05663	75.55
3.05814	75.6
3.05964	75.65
3.06114	75.7
3.06264	75.75
3.06414	75.8
3.06564	75.85
3.06714	75.9
3.06863	75.95
3.07011	76
3.07161	76.05
3.07309	76.1
3.07457	76.15
3.07605	76.2
3.07753	76.25
3.07901	76.3
3.08048	76.35
3.08195	76.4
3.08342	76.45
3.08489	76.5
3.08635	76.55
3.08782	76.6
3.08928	76.65
3.09073	76.7
3.09219	76.75
3.09364	76.8
3.09509	76.85
3.09655	76.9
3.09799	76.95
3.09944	77
3.10088	77.05
3.10232	77.1
3.10376	77.15
3.10519	77.2
3.10663	77.25
3.10806	77.3
3.10949	77.35
3.11092	77.4
3.11234	77.45
3.11376	77.5
3.11519	77.55
3.11661	77.6
3.11802	77.65
3.11943	77.7
3.12085	77.75
3.12226	77.8
3.12367	77.85
3.12507	77.9
3.12648	77.95
3.12788	78
3.12928	78.05
3.13068	78.1
3.13207	78.15
3.13346	78.2
3.13485	78.25
3.13624	78.3
3.13762	78.35
3.13901	78.4
3.14039	78.45
3.14177	78.5
3.14315	78.55
3.14453	78.6
3.1459	78.65
3.14728	78.7
3.14864	78.75
3.15001	78.8
3.15138	78.85
3.15274	78.9
3.1541	78.95
3.15546	79
3.15682	79.05
3.15817	79.1
3.15952	79.15
3.16088	79.2
3.16222	79.25
3.16357	79.3
3.16492	79.35
3.16626	79.4
3.1676	79.45
3.16894	79.5
3.17028	79.55
3.17161	79.6
3.17294	79.65
3.17427	79.7
3.1756	79.75
3.17693	79.8
3.17825	79.85
3.17957	79.9
3.18089	79.95
3.18221	80
